..57-

Χ1,1,1.1,2.2,3.9,1.12,3.15.2.18,17.

XII. 3, 3. 13, 1, 14, 2. 14, 3. 14, 6.

XIII, 1, 6. 3, 5. 10, 3, 12, 1, 12, 9, 14,7.17,2.21,10,
23, 13, 25, 6. 27 l.

Ὴ91η24195164

XV, 1, 6. 3, 4. 4,4, 13, 6. 22, 5.

XVI, 6, 13. 11, 1, 11, 8, 12, 3. 13, 6. 14, 2. 161. 17, 1,

3711,1,1.2,13,7,8,9,2.10,18.11,6.15,615,7.
171.181,18,1,21,15.

XVIII, 5, 11, 9, 5. 9, 9, 10, 4. 12, 9.

XIX, 1, 9. (videri).

XX, 1, 4, 2, 3. 5, 7, 9, 2, 93

solitum, us (scil. esse) Ι, 11, 9. 11, 6. 11, 11. II. 1, 2.
10,3.15,8,ΙΙΙ,2,12,13,1.184191,15.4,1.7.1,1.
6, 13. 6, 27. 17141, 4, 1, 15, 1. 22, 1, IX, 2, 6. 9, 12. Χ,
4, 2. 23, 2. XI, 6, 5. XII, 4, 5. 14, 3. XIV, 7, 9. XV, 27, 4.
xvfl, 19, 2. 19, 2. xx, 1, 31. · ·

gerundium et gerundivum: praef.18.I, 3, 1112, 813,
6,13,7.19,8,11,,737,14,29,2.25,11,11,5,..46115,5,
16616917 91,.2Ο V, 16, 621,1.,171 2, 12.,3 6.
3,47,3,54.16,,7 7 4VII 15, 5. IX, 2, 39.
3,4·.14,25,14,2 615,7.Χ,21 ,2,25,3,Χ1,18,5. 18,
19.Χ11,4,3.14,7.Χ111,1,2.2,6.11,4. 14, 7. 25, 6.
26, 5. 29, 5. 29, 6. 31, 17, XIV, 1, 23. 2, 9, 4, 5. 1, 19
xv, 9, 911111, 9, 4. 8, 19. xx, 1, 94. 199.

infinitivus futuriI 13, 1. 14,2.11, 16, 9. 29, 15111, 3,
, 1. IV, 3, 2. 15, 3. V, 10, 6. VI, 18,1Ο. Χ, 12,7. 151, 27,
4. XII, 5, 15. 12, 4. XIII, 5, 6. 25, 27.ΧΙ7, 1 l. 1, 15, 1,
35, 1, 36 2, 19, 5, 1. 5, 411711, 9, 17, 12, 3, XIX, 1, 3. ι
. XX, 1, 13.

96199111191191119111, 3, 7.18, 6111, 10, 111, 417,,186,
7Ι,1,,66Χ16’3,.3ΧΙ1,,.,,,,42ΧΙΙΙ238Χ7118,
4. XVII, 8, 61119111 99111911 pendens: praef. 17.1,12,
12.25,.,,18ΙΙ7 1.,,0712 15, 3, 23, 13 23 22,

’ IV,15,111.V,1,.„.,9VIV6V119,1.‚,X43.26,
1.,,.,1114111191 11,,,1119114911999Η91199
191911939511599199911119.
19,.,1911991,.1,,.991119911.199,1.99111,

 

