..56-

partieip. perf. passivi: Ι, 21, 2. 23, 13. ΙΙ, 6, 20. 15, 6.
28, 1. 22, 15. ΙΙΙ, 3, 10. 17, 3. IV, 9, 3. 6, 8. V. 19 8. VI,
1, 11. 3, 16. 18, 6. VII, 5, 7. 7, 7. ΙΧ. 12, 7. Χ, 27, 1. 23,
5, 27, 2. XI, 5, 6. XII, 1, 15. 8, 3. XIII, 3, 4. 15, 1. XVI,
11, 2. XVII, 16, 2. XVIII, 9, 2. XIX, 1, 3. 14, 8. In enun-
tiatis secundariis VII, 7, 2. XV, 2, 3. XVII, 2, 8; nbi prae-
eedit solitus, a, um’ I, 9, 11. 16, 9. ΙΙ, 15, 1. III, 9, 6. IV,
6, 6. V, 6, 9. 6. 12. VII 10 I. XVI, 12, 8.
partieip, peri. deponentis: V, 2, 3. XIII, 8, 1. 21, 15.
21, 1411711, 15, 3.
gerundium II, 7, 20. V, 16, 5. IX, 6, 3, XVI, 8, 2.
substantivum: II, 23, 14. XVII, 2, 25. .
adieetivnm: VII, 8, 5. XII, 9, 3. 13, 15. XIV, 1, 10.
,Erat' semel detrahitur I, 11, 3. ’
’ ,Sit’semel IV, 101. . ,
,Sunt'I 11, 2. 19, 10. ΙΙ, 15 1, IV, 6, 6. 9, iuvi, 3, 6.
X. 15, 1. XII. 8, 3. XIII, 9, 5. XVI, 6, 6. 6, 9. 13, 7. 16, 1,
XVII, 21, 27; in enuntiatis secundariis. IV, l, 23. XIII 3, 4.
,Esse' detrahitur:
infinitiVo perfecti:
1151,1,1.1,2.3,1.4,5.4,7.5,1.13,4.17,5.19,·
9. 21, 2. 22, 18. 23, 8. 25, 14.
ΙΙ, 3, 5. 3, 6. 6, 5. 8, 8. 12, 4. 14, 3. 16, 4. 20, 4. 21,
6. 21, 8. 22, 9. 22, 24. 24, 5. 24, 9. ·
ΙΙΙ, 1, 9. 2, 3. 3, 2. 3, 13. 8, 5. 9, 7.·16, 8. 11, 3. 12,
2161.15,4.16,12.16,21.17,1.18,1.18,4.18,5.19,4.
’ IV. 1, 17. 1, 21. 3, 3. 4, 3. 5, 7. 11, 4. 11, 10. 13, 2.
14, 5. 14, 6. 18, 6, 18, 9. 20, 9.
V, 2, 2. 3, 1. 3, 5, 4, 3. 6, 13. 6, 14. 8, 6. 14, 15. 14,
29. 14, 29. 17, 5. 19, 6. .
VI, 1, 2. 2, 11. 7, 2. 18, 11. 19, 8. 26, 1.
791119314244ω654646η
·8,6. 12,3. 14. 3.
VIII, 12, l (videri).
IX, 3, 5. 8, 4. 9, 7. 14, 8. 16, 4.

x, 2, 1. 2, 2. 3, 2. 5, 2. a, 2. a, a. 11, a. 11, a. 16, 11.
23, 1. 13, 3. 211 J, ’11,4.ἴ nr 5.

 

